1111111111111111111111111111
1111111111111111111111111111
1122111121111111111111111111
1112211111111111111111111111
1112211111111111111111111111
1111111111111101111111111111
1111111111111100011111111111
1111111111111111111111111111
1111111111111111111111111111
1111111111111111111111111111
1111111111111111111111111111
1111111111112221111111111111
1111111111112121111111111111
1111111111112211111111111111
1111111111111211111111111111
1111111111111211111111111111
1111111111111111111111111111
1111111111111111111111111111
1111111111111111111111111111
1111111111111111111111111111
1111111111111111111111111111
1111111111111111111111111111
1111111111111111111111111111
1111111111111111111111111111
1111111111111111111111111111
1111111111111111111111111111
1111111111111111111111111111
1111111111111111111111111111